The 20 generators of H_0 follow:
generator 1
1 * [(312,312,313,312)(312,312,313,312)]
generator 2
1 * [(616,616,616,616)(616,616,616,616)]
generator 3
1 * [(412,697,636,411)(412,697,636,411)]
generator 4
1 * [(542,651,703,542)(542,651,703,542)]
generator 5
1 * [(631,408,548,630)(631,408,548,630)]
generator 6
1 * [(459,682,692,458)(459,682,692,458)]
generator 7
1 * [(544,634,700,543)(544,634,700,543)]
generator 8
1 * [(444,680,676,443)(444,680,676,443)]
generator 9
1 * [(617,402,572,617)(617,402,572,617)]
generator 10
1 * [(704,541,388,704)(704,541,388,704)]
generator 11
1 * [(391,704,600,391)(391,704,600,391)]
generator 12
1 * [(697,463,396,696)(697,463,396,696)]
generator 13
1 * [(593,603,648,593)(593,603,648,593)]
generator 14
1 * [(647,595,552,647)(647,595,552,647)]
generator 15
1 * [(682,567,458,682)(682,567,458,682)]
generator 16
1 * [(567,620,681,566)(567,620,681,566)]
generator 17
1 * [(698,545,408,698)(698,545,408,698)]
generator 18
1 * [(682,448,439,681)(682,448,439,681)]
generator 19
1 * [(605,393,590,605)(605,393,590,605)]
generator 20
1 * [(401,696,616,400)(401,696,616,400)]
