The 20 generators of H_0 follow:
generator 1
1 * [(312,312)(312,312)]
generator 2
1 * [(616,616)(616,616)]
generator 3
1 * [(412,697)(412,697)]
generator 4
1 * [(542,651)(542,651)]
generator 5
1 * [(631,408)(631,408)]
generator 6
1 * [(459,682)(459,682)]
generator 7
1 * [(544,634)(544,634)]
generator 8
1 * [(444,680)(444,680)]
generator 9
1 * [(617,402)(617,402)]
generator 10
1 * [(704,541)(704,541)]
generator 11
1 * [(391,704)(391,704)]
generator 12
1 * [(697,463)(697,463)]
generator 13
1 * [(593,603)(593,603)]
generator 14
1 * [(647,595)(647,595)]
generator 15
1 * [(682,567)(682,567)]
generator 16
1 * [(567,620)(567,620)]
generator 17
1 * [(698,545)(698,545)]
generator 18
1 * [(682,448)(682,448)]
generator 19
1 * [(605,393)(605,393)]
generator 20
1 * [(401,696)(401,696)]
