The 2 generators of H_0 follow:
generator 1
1 * [(703,542)(703,542)]
generator 2
1 * [(700,543)(700,543)]

The 17 generators of H_1 follow:
generator 1
1 * [(455,683)(456,683)]
generator 2
1 * [(621,403)(622,403)]
generator 3
1 * [(394,702)(395,702)]
generator 4
1 * [(629,408)(630,408)]
generator 5
1 * [(546,632)(547,632)]
generator 6
-1 * [(614,618)(615,618)]
1 * [(615,617)(615,618)]
generator 7
1 * [(314,313)(315,313)]
generator 8
1 * [(401,695)(402,695)]
generator 9
1 * [(568,619)(569,619)]
generator 10
-1 * [(653,590)(654,590)]
1 * [(653,590)(653,591)]
generator 11
1 * [(546,649)(547,649)]
generator 12
1 * [(447,677)(448,677)]
generator 13
1 * [(590,605)(591,605)]
generator 14
1 * [(604,393)(605,393)]
generator 15
1 * [(411,697)(412,697)]
generator 16
1 * [(692,458)(692,459)]
1 * [(692,459)(693,459)]
generator 17
1 * [(676,442)(676,443)]
1 * [(675,442)(676,442)]
